-1  :
-1  :63  
63  :64  
64  :65  64  
64  :68  64  
64  :65  
64  :68  
65  :69  66  0  
65  :33  20  1  66  2  0  
65  :34  35  20  1  64  2  0  
66  :67  
66  :66  3  67  
66  :66  3  78  
67  :78  
67  :20  4  19  5  4  19  5  
67  :20  4  20  5  
67  :20  4  19  5  
67  :20  4  5  
67  :20  6  20  
67  :20  53  20  
67  :20  
68  :69  20  7  70  8  71  
68  :69  20  7  8  71  
69  :20  9  
69  :23  9  
69  :36  23  9  
69  :22  9  
69  :20  
69  :21  
69  :23  
69  :27  
69  :22  
69  :26  
69  :25  
69  :24  
69  :28  
69  :33  
70  :69  20  3  70  
70  :69  20  
71  :1  72  73  2  
71  :1  72  2  
71  :1  73  2  
71  :1  2  
71  :0  
72  :65  
72  :72  65  
73  :74  
73  :73  74  
74  :76  
74  :42  7  82  8  71  
74  :48  82  0  
74  :77  
74  :38  0  
74  :79  
74  :75  
74  :80  
74  :37  7  67  8  71  
74  :81  
74  :71  
75  :20  7  88  8  0  
76  :43  7  65  79  82  8  71  
76  :43  7  79  79  82  8  71  
77  :77  3  78  
77  :78  0  
77  :78  
78  :67  10  82  
78  :9  67  10  82  
78  :67  49  82  
78  :67  50  82  
78  :67  51  82  
78  :67  52  82  
79  :0  
79  :82  0  
80  :46  7  82  8  71  
80  :46  7  82  8  71  47  71  
81  :39  83  11  73  
81  :40  11  73  
82  :83  
82  :84  
82  :85  
82  :86  
82  :87  
83  :1  88  2  
83  :30  
83  :29  
83  :54  20  
83  :55  20  
83  :20  54  
83  :20  55  
83  :62  20  
83  :12  20  12  
83  :13  20  13  
83  :19  
83  :67  
84  :82  9  82  
84  :82  14  82  
85  :82  15  82  
85  :82  16  82  
86  :82  60  82  
86  :82  61  82  
86  :82  17  82  
86  :82  18  82  
86  :82  59  82  
86  :82  58  82  
87  :82  56  82  
87  :82  57  82  
88  :82  
88  :88  3  82  
